################################################################################
# Symmetry function scaling data.
################################################################################
# Col  Name     Description
################################################################################
# 1    e_index  Element index.
# 2    sf_index Symmetry function index.
# 3    sf_min   Symmetry function minimum.
# 4    sf_max   Symmetry function maximum.
# 5    sf_mean  Symmetry function mean.
# 6    sf_sigma Symmetry function sigma.
#########################################################################################################################
#        1          2                        3                        4                        5                        6
#  e_index   sf_index                   sf_min                   sf_max                  sf_mean                 sf_sigma
#########################################################################################################################
         1          1   1.2450546140185343E+00   9.6559491588468731E+00   4.2418427686244424E+00   1.2011162447877648E+00
         1          2   1.7899944958817904E+00   1.8600027153439690E+01   7.0709705514250683E+00   1.8858929951814583E+00
         1          3   2.2209116404559581E+00   1.5755812688169472E+01   7.3341366338387743E+00   1.6016357213946988E+00
         1          4   7.2234587432562158E-01   8.9378791958614823E+00   2.9710498036190196E+00   1.0464331002135927E+00
         1          5   1.2141153928681288E+00   5.6565995548090209E+00   2.0249974847353496E+00   1.8067955874353439E-01
         1          6   2.6583018269016458E-25   1.3740050671775156E-16   9.8217165255386145E-19   4.4377863412053204E-18
         1          7   7.5844534805089013E-47   3.5439180607103366E-32   6.6103171041751918E-35   3.4897256336237538E-34
         1          8   8.3922643667008217E+00   4.6985072176037150E+01   2.7156953653633874E+01   4.4718314502654524E+00
         1          9   8.9974540989853971E+00   5.3667359100834531E+01   2.8328648846664468E+01   5.6105051015341640E+00
         1         10   4.8669314898187688E+00   6.1209545233138725E+00   5.4688111100877537E+00   8.2923168142069528E-02
         1         11   1.0220443385832812E-05   5.1387393686975133E-03   2.2814437129144516E-04   6.2527662936893123E-04
         1         12   1.3846124182509861E+01   5.6555398396170965E+01   3.5441877207735786E+01   4.5393478149554207E+00
         1         13   2.1108333066210566E+01   1.0336657431477988E+02   6.1252672385825406E+01   8.4224670601398319E+00
         1         14   2.7690646460868930E+01   1.1331195359723556E+02   6.6952034076082526E+01   1.0210913653752083E+01
         1         15   1.0963881186447753E+00   8.8339478713623460E+00   2.1655900484557145E+00   5.4703665324700335E-01
         1         16   4.4737291402056210E+00   7.3209090687570857E+00   5.2989604857450328E+00   3.9949504206240610E-01
         1         17   2.3507675307925286E-03   6.9220392703379625E+00   2.4803314087461900E-01   5.7082158638522040E-01
         1         18   1.2598706473909765E+01   5.3190852343495564E+01   2.4040919026015988E+01   4.4508129435627186E+00
         1         19   3.5438472552641678E-08   6.2376809868106511E+00   8.9856259086393386E-02   4.2793104452693065E-01
         1         20   4.0843174359082219E+00   1.8855666886163409E+01   6.9727668687140802E+00   1.8698697820446468E+00
         1         21   4.1056473232100859E-03   8.6588026051579856E+00   2.2969010711601157E+00   7.5514227330979977E-01
         1         22   4.6874311609534161E+00   1.4619768497999177E+01   6.9359333548913336E+00   1.3045105940184467E+00
         1         23   4.8802778220842958E-06   1.0021103342528017E+00   1.2335492502051617E-02   5.5808624060054719E-02
         1         24   2.3950510986743852E-06   4.1343021284673609E-01   4.2409801243281460E-03   1.2679082923332962E-02
         1         25   1.1240071652097012E+00   4.0621248105958028E+00   1.9738638853922328E+00   3.7528524172564831E-01
         1         26   7.7821796801162098E-11   2.4889311531807989E-01   1.7585510462856560E-03   9.8017253707886123E-03
         1         27   3.1228367135586116E-01   1.4704744955994107E+00   5.3896321378468481E-01   1.5815902697415901E-01
         1         28   5.7777023019815712E-07   2.1844410886964394E-01   7.6080838248344634E-02   2.5282827771129793E-02
         1         29   1.3297638862099479E-02   1.7556529669819251E-01   6.9955045989429629E-02   2.1746908421348712E-02
         1         30   2.7298192627825896E-11   7.7619436174750219E-03   1.7113421262002109E-05   4.2220358880017459E-05
         1         31   2.3732809218160949E-12   5.2460761198002649E-03   3.8233531024110821E-06   2.7870002461799688E-05
         1         32   3.9415218191974268E-03   4.7137547917681259E-02   1.4130231657404752E-02   4.4078211578757621E-03
         1         33   7.4936502053185416E-16   2.9271679140519343E-04   4.2526933025905666E-07   8.7361173696216230E-07
         1         34   2.6194098320120939E-24   1.2407691657302814E-06   1.3647793936951564E-11   2.9533090066720406E-09
         1         35   5.0291250044425295E-26   5.6949185781972388E-07   5.5879855159386893E-12   1.3572033015365732E-09
         1         36   5.8619593353110212E-08   7.9824103544432346E-05   8.7160910898213912E-06   7.5184416283424441E-06
         1         37   2.7427704996565930E-35   4.9035271082656348E-10   3.6447253196805488E-15   1.1615688280164433E-12
         1         38   2.1265995050086295E-37   2.2506354535873964E-10   1.3192379130251219E-15   5.3316097441418293E-13
         1         39   1.8004339810633330E-26   3.6241747841302695E-11   6.2877666262894926E-13   1.3966861640338911E-12
         1         40   2.1536586900441733E-51   2.6655232129392896E-15   6.5359037216110850E-20   6.3143622888389554E-18
         1         41   1.7157333030150509E-19   7.7733547162533234E-11   1.3340761615492132E-12   3.3047187252172251E-12
         1         42   5.1195892445206506E-76   1.9273296598754221E-23   2.7637985873351927E-26   2.1053392765008457E-25
         1         43   4.9345398176277596E-30   4.1532460903141165E-16   1.7530037407665537E-18   1.4630490650751447E-17
         1         44   4.8306216246618088E-81   8.8461164383995823E-24   4.9632178611092579E-29   2.0953303377354002E-26
         1         45   2.1127656769504011E+01   4.9076964431252156E+02   1.7514258985820470E+02   6.1151319687326264E+01
         1         46   3.1524854365620945E+02   3.1036634662596935E+03   1.4912348142426954E+03   3.1342156256479495E+02
         1         47   7.5841802158250071E-01   1.8309726527496861E+02   3.8389833711429631E+01   2.1390886189547896E+01
         1         48   1.5220393172170111E+02   1.2281558554461844E+03   6.1386211779620396E+02   1.2352273343953857E+02
         1         49   1.7503992146732759E+02   1.5147883220213937E+03   7.4844870974470280E+02   1.5225314132349794E+02
         1         50   9.9353275899384442E+01   1.0190642949541942E+03   3.8066665504050110E+02   1.1482563732328030E+02
         1         51   1.3555877132261431E+00   1.5267729523199938E+02   3.5122034436355143E+01   1.8272957360370651E+01
         1         52   3.4899616358663916E+00   1.4529765922767223E+02   3.7873485362962789E+01   1.7792277269212139E+01
         1         53   4.7179869003571973E+01   3.4708543592658907E+02   1.6978956165897759E+02   3.6188412381124849E+01
         1         54   6.9712691807862385E+01   6.7721747168287391E+02   3.0063144512738256E+02   7.3162510162671893E+01
         1         55   1.5317654655327988E-02   4.0392292325169834E+01   3.4726906710789662E+00   4.3064051249394613E+00
         1         56   2.6479741146461488E-01   2.9713590323987585E+01   3.9696504598253890E+00   3.3171650777723296E+00
         1         57   2.0087256480020896E-02   2.3612608210543353E+01   1.9287950684633834E+00   2.4837417228292114E+00
         1         58   2.4170960584869739E+01   1.0854430515981956E+02   5.3691842575708080E+01   1.1293528370280274E+01
         1         59   1.4080964146749308E+01   7.1653380867236720E+01   3.0083568184294840E+01   7.1452328456032799E+00
         1         60   6.1042610264533115E-01   2.6549759522831526E+01   7.6237924495110425E+00   2.8397100456366968E+00
         1         61   1.2501293224301619E+01   6.1273119341232146E+01   2.7876912310024384E+01   5.4641036680308215E+00
         1         62   5.5464828805382163E-05   7.7542801432127302E+00   2.2689299839222479E-01   6.5679466893143956E-01
         1         63   1.7154205318943397E-15   4.6634914917976204E-04   2.6245647824686041E-07   2.2657782710944112E-06
         1         64   7.4498993859295713E-16   1.3393767640372675E-04   2.1643586042822990E-05   1.5424512027507341E-05
         2          1   1.8918815293457925E-01   1.6049050148421539E+01   6.9086011158726350E+00   2.3826550572646252E+00
         2          2   4.9389019725755556E-03   4.7472325173821526E+00   7.6263398677279559E-01   4.3553126793151659E-01
         2          3   7.0526653273926171E-35   7.8888323898572652E-11   8.4147934257019131E-12   6.9695048062894957E-12
         2          4   4.6304247302610314E-63   1.4379456434082397E-21   3.4295181751231858E-23   5.0554720528434963E-23
         2          5  6.4883366021604730E-109   4.7953353923811436E-40   1.5695760722461585E-42   1.1761453475260253E-41
         2          6   3.7634762402704243E+00   2.8270239750829973E+01   1.5011698882048108E+01   3.3501812126132755E+00
         2          7   3.3440326714190185E+00   4.0462370914843362E+01   2.0992982083728897E+01   4.7672806612425997E+00
         2          8   1.3388486586070652E+01   6.0831828443630499E+01   3.6417563756473172E+01   4.9547944447282166E+00
         2          9   2.6165380630227666E+01   1.0132998316634226E+02   6.1910218359690127E+01   9.2527975114767003E+00
         2         10   9.7895065306809155E+00   9.2921695827970822E+01   4.4905830669342762E+01   1.0945534629396455E+01
         2         11   3.7885260672883225E+00   5.6066106090259140E+01   2.6663660390352049E+01   6.8007486966199737E+00
         2         12   1.9435005883666726E-01   4.5921656323910724E+01   2.0272857965715886E+01   6.6778789677215080E+00
         2         13   7.5084871613382731E-01   2.5500092437989338E+01   1.0211029993511358E+01   3.4082738161472546E+00
         2         14   2.6158677185621211E+00   2.6715170798004646E+01   1.3704687720807698E+01   3.5089720998064085E+00
         2         15   4.3170239625162106E+00   2.3037862615346938E+01   9.6267459411828664E+00   3.5243137444181567E+00
         2         16   8.9597842911403464E-02   1.0208925711194611E+01   1.8366822439041703E+00   1.0152267074088186E+00
         2         17   7.0985350136143824E-14   1.3745150600015534E-03   4.8089757184952383E-04   3.4929470735356807E-04
         2         18   2.4250266206444690E-01   1.0346417958888453E+02   4.0477847183868583E+01   1.4427932872568290E+01
         2         19   2.3400100549343355E-04   2.6432043399557575E+01   9.2962755337987879E+00   3.1124900220670417E+00
         2         20   1.0612175693584728E-03   9.7362571241879436E+00   1.3390807138190330E-01   4.8370951349289271E-01
         2         21   8.8079313604603592E-04   1.2229564717657324E+01   4.3770479753482467E+00   1.5588058029200977E+00
         2         22   3.7088474270176343E-02   5.0327793910330678E+00   3.3783625427951053E-01   3.2515649158659243E-01
         2         23   2.1537658175754773E-01   4.7254121223548768E+00   1.1069633881893350E+00   5.2404262244566868E-01
         2         24   1.3820784166858369E-01   1.8145955155904983E+00   3.4013744932737022E-01   2.1414125438209569E-01
         2         25   9.3412700713400477E-05   1.8145667992303496E+00   1.7861456688679875E-02   8.2923613604829499E-02
         2         26   5.2268452177299044E-08   4.8350194186478096E-01   1.4946052292364537E-01   5.9559129449245497E-02
         2         27   8.3519571021333229E-05   3.2632522346782475E-02   1.2926965098108306E-03   1.6394319262788451E-03
         2         28   6.5953343420595335E-07   3.2632521250136576E-02   2.0493263622523838E-04   1.4133060604770815E-03
         2         29   1.4882150341157077E-12   2.0389753641920954E-02   5.5759363039705554E-03   2.4990057682302367E-03
         2         30   3.6486822258276275E-06   7.5078523302041765E-04   1.1076331430661551E-04   7.7127147488275399E-05
         2         31   6.0770382626406618E-12   2.1846817276905609E-06   1.4149045963088211E-08   9.4139963601211286E-08
         2         32   9.7522197169957974E-14   1.2270685025337220E-07   5.5349186069385830E-09   9.3149972554444591E-09
         2         33   4.5386346478648060E-32   2.0411550551579730E-07   1.8557074147753896E-09   1.2426482925001896E-08
         2         34   7.4439493642721765E-16   2.5165458262630517E-09   2.3698673624153834E-10   3.6683004426688281E-10
         2         35   2.7501607805317952E-17   2.6375088409837510E-10   9.4887968695815570E-12   1.7739210732710442E-11
         2         36   1.4362387352501182E-35   2.0554243541018057E-08   1.6196387865388297E-10   1.1497370924230594E-09
         2         37   1.1666829844681614E-48   8.6455028310334957E-12   5.5934693124512413E-14   4.8653906864483652E-13
         2         38   3.4764132336461685E-52   8.6997521247462130E-13   3.7926797696100708E-15   4.5194476573261121E-14
         2         39   1.0265793593425947E-35   4.0020342598959702E-18   8.5343762027840738E-20   2.0018833235017427E-19
         2         40   1.3190416140642545E-65   1.7508381620555508E-18   9.5329993455932107E-21   8.0313641132015541E-20
         2         41   1.4867419208292382E-75   6.9566889107512553E-19   2.7061911178520718E-21   3.4900666426456907E-20
         2         42   1.1957331037970716E-38   2.4960328746344205E-21   2.1748712669970979E-22   3.6059327345941891E-22
         2         43   7.2823553484009001E-78   1.5050216071606266E-19   5.1473784319603188E-22   7.1986750858533428E-21
         2         44   4.0604586598226740E+02   4.9816013214412797E+03   2.3756971586576842E+03   5.7525642803188452E+02
         2         45   1.7039385699926225E+01   2.7522602340413084E+02   9.9120933473564918E+01   5.2024726629061455E+01
         2         46   1.6295765318897301E+02   1.8090107585705234E+03   8.8895799848224999E+02   1.9116703976871406E+02
         2         47   3.7717475136174308E+00   1.3719934624445949E+02   3.6651629510554315E+01   2.6308528586299612E+01
         2         48   7.9429626753677098E+01   7.7472578865894070E+02   3.9278823371478978E+02   8.2645163618344540E+01
         2         49   1.9579666786337327E+01   3.1537524109133210E+02   1.1534439400349132E+02   5.4156403992178276E+01
         2         50   3.3204366747772582E+01   7.7668994316907356E+02   2.8190337212500862E+02   1.0265091650527592E+02
         2         51   4.5535146826906958E+00   9.2696325594405522E+01   3.0729884828356045E+01   1.9682665195437913E+01
         2         52   3.7453681591210746E+01   4.7475927541971384E+02   2.5050615136121394E+02   5.3437721333526511E+01
         2         53   3.0056122768359035E+01   6.9206449854440723E+02   3.1804107095001933E+02   8.8890070956878532E+01
         2         54   3.3844676071237512E+00   5.1162552487914411E+01   1.6725113934381703E+01   9.1138942047995837E+00
         2         55   1.4445792951491063E-01   3.4003177843095045E+01   2.3978576365870117E+00   2.8701276096836774E+00
         2         56   2.3371996811939617E+00   6.4142791842484115E+01   3.0727511304480448E+01   8.0543194642567784E+00
         2         57   2.1552391748850130E+00   7.9378218258248793E+01   2.2249408404824791E+01   9.6063421301770067E+00
         2         58   3.4239008708436131E-01   1.8486231373671366E+01   2.2270577450608497E+00   1.7645158884795868E+00
         2         59   4.1143190707743565E-01   4.6133460629461489E+01   1.9448962709116373E+01   5.7164024014549693E+00
         2         60   1.3663773421492787E-04   1.5737105296681950E+00   4.7890559802026811E-01   1.7647143460608608E-01
         2         61   1.9855551413553978E-04   1.6169799816069117E-02   2.4892823598736224E-03   1.9426782939150572E-03
         2         62   4.6327054667135047E-11   3.3424996915802960E-02   2.3181558401933547E-03   2.7749410456744698E-03
         2         63   6.6403822463191890E-09   2.4098550379931112E-05   1.1729432166911891E-06   1.3398878167899047E-06
         2         64   3.7452691696325529E-20   6.8154687640159005E-05   3.4075508372320524E-06   4.5437758188181362E-06
         3          1   9.4382442905412767E-01   1.5845171433424127E+01   7.4148348179328218E+00   2.7080733362094405E+00
         3          2   5.4277460325413540E-07   2.6524365905400110E-01   5.9152212615220516E-02   6.2608388703936937E-02
         3          3   1.2509734769067991E-15   1.2258425841748318E-03   2.2214009277073593E-04   2.6777906053198779E-04
         3          4   7.3433163889645753E-98   5.0627400867290527E-33   7.1501773922221908E-35   1.2267567592550750E-34
         3          5   5.7395694192288520E+00   2.7307106232713608E+01   1.6434855070643238E+01   3.6794100608344542E+00
         3          6   9.2452812018154127E+00   5.4213260441864541E+01   2.5779331982109266E+01   6.0103275020296572E+00
         3          7   5.7590926172465817E+00   4.0800488333647003E+01   1.9801047889639847E+01   5.3283619805683653E+00
         3          8   7.7151098165730347E-01   1.7508728657101170E+01   7.6363235392906947E+00   2.6776820796918583E+00
         3          9   2.9560232308066134E+00   2.1182077363783840E+01   1.1661792419651302E+01   2.8893662796279092E+00
         3         10   1.9318562792676595E-02   3.6576455158910948E+00   8.3356009451147295E-01   6.9932005407159670E-01
         3         11   1.6519943279343998E-31   9.3262820698035708E-09   1.1972797129992220E-09   1.5230327684104593E-09
         3         12   1.8674359588494241E+01   5.7172738112372677E+01   3.8123532885637502E+01   5.7592985385812661E+00
         3         13   3.2688367874878004E+01   1.0057621132111429E+02   6.5304245994667724E+01   1.0900115617163962E+01
         3         14   1.9393321151515192E+01   1.0528853888824207E+02   5.4101107345058310E+01   1.3152385445748092E+01
         3         15   1.0536238770221143E+01   6.1967912671259498E+01   3.0781051840120249E+01   7.0051896490261036E+00
         3         16   4.1340044288535145E+00   4.4572957550432967E+01   2.1246650443773419E+01   6.8248308689393307E+00
         3         17   4.5536698711600083E+00   1.9438081526448528E+01   1.0125838217995813E+01   2.3927332461800046E+00
         3         18   2.5368198516148216E-01   7.8396413794640480E+00   2.0717276146319663E+00   1.2815883941962851E+00
         3         19   6.3943045585491110E+00   9.3926200248065783E+01   4.4117430145475154E+01   1.4034341432684604E+01
         3         20   4.1963699748380002E-04   1.6182633374427358E+01   4.2597621807538708E+00   2.9047685720503957E+00
         3         21   5.0674295272719755E-06   1.3573441407178647E+01   1.4587621996604276E+00   1.8650894212046178E+00
         3         22   2.5301910275278588E-09   1.3159730770549997E+01   4.7560366213390332E-01   1.7077700748595870E+00
         3         23   3.3761175196379312E+00   2.2526369151598779E+01   1.0674423640501962E+01   3.5353517708818840E+00
         3         24   5.0434911247329750E-01   4.6513651938022633E+00   2.1450577445600798E+00   7.8794221586409963E-01
         3         25   2.2441300662981957E-04   3.2784779056101150E+00   1.0640956484783086E+00   4.5326023672950216E-01
         3         26   3.0616346814046091E-01   5.4669154622306451E+00   2.6601266094652094E+00   8.9839047399814020E-01
         3         27   3.0571601755073380E-01   2.6223792771415053E+00   1.2243150248870485E+00   4.3455593907136142E-01
         3         28   2.7673298524224790E-11   2.1979063987278183E-01   1.8226654099103175E-02   2.4195413920501996E-02
         3         29   8.1743247722784944E-15   2.1296729023954133E-01   5.3012919734615948E-03   2.2179821522990618E-02
         3         30   1.6492840148371604E-08   7.5605382770758817E-02   1.8079540307581989E-02   1.4685201758938905E-02
         3         31   1.2926750209485071E-03   2.2159974050392311E-02   8.7918415793648286E-03   3.8100384696375029E-03
         3         32   1.7227443135917974E-05   1.0889287491283154E-03   3.5958550430887439E-04   2.1844238642743845E-04
         3         33   1.0957594590673521E-08   1.6054874434733561E-05   1.6932944703150897E-06   3.1511167141548800E-06
         3         34   1.0523676377590912E-30   7.9529664754899429E-07   2.1834179311813487E-08   6.0462200303007283E-08
         3         35   4.7830592087905568E-31   4.3636121922489888E-08   7.8137633537341265E-10   4.2630430244243467E-09
         3         36   2.7384820631158730E-42   1.1125118009518893E-09   1.4066135817908234E-11   9.5998417910699335E-11
         3         37   8.0220095233343301E-14   1.5978647899466439E-09   1.8100577507154109E-10   3.1696658791168928E-10
         3         38   1.0695124087427747E-44   1.0146266582855317E-11   9.6520532546985102E-14   8.1449640237817744E-13
         3         39   1.7906676453274929E-21   6.4467423717575918E-14   3.1887042778091758E-15   1.2114194951175722E-14
         3         40   1.0113891791395158E-32   1.7532747532789636E-19   7.1277677873906861E-21   3.0809071064335998E-20
         3         41   7.7251723487511809E-82   2.5561471383407590E-19   2.3627283813887323E-21   2.0386558059920695E-20
         3         42   1.8852934249347473E+02   2.1324070865565332E+03   1.0913825595561962E+03   2.8691124005079570E+02
         3         43   2.2184955301338629E+01   5.1858571560188852E+02   2.3860067968677473E+02   7.9891144978355101E+01
         3         44   3.4734434320234389E+00   2.7175140403311480E+02   1.0763569028009269E+02   4.5464691884698020E+01
         3         45   4.7559985292021787E+02   1.7442313103344259E+03   1.0367940198351814E+03   2.2296415253173066E+02
         3         46   7.1323709608895958E-01   1.6938237037509728E+02   5.3021854348648944E+01   2.9253533504813095E+01
         3         47   3.1404480841151786E+02   1.0383823379699372E+03   6.2410398981064611E+02   1.3418939719056851E+02
         3         48   6.3745092150949233E+02   3.4872770755027036E+03   2.0011529421103030E+03   4.4959757429632066E+02
         3         49   8.0734774517478609E+00   2.7381460785170748E+02   1.1840534553427092E+02   4.6619915321272181E+01
         3         50   1.1681280610171502E+01   2.9542063109540356E+02   1.3547578573595186E+02   4.5976580974873364E+01
         3         51   9.9812372823033868E+01   6.1409288533465235E+02   3.3902700784832479E+02   7.4428981084076625E+01
         3         52   5.5202746218236989E+01   2.3434133191158111E+02   1.3912071556768834E+02   2.7156840577844033E+01
         3         53   1.0665591183423207E-02   4.2858429961353863E+01   6.9985373437078708E+00   7.2463603685636055E+00
         3         54   3.5461433640886867E+01   1.4151881656604706E+02   8.3417872116482769E+01   1.7324646997968784E+01
         3         55   3.1596045138483628E+01   1.5657259808833493E+02   8.6094747626541505E+01   1.9988021422960070E+01
         3         56   1.2733068397723653E-02   2.7352799385846421E+01   5.9060157638617872E+00   5.1116386813427823E+00
         3         57   3.9248925660313366E-01   4.8681342025212331E+01   1.9131775966001868E+01   7.9136152530872561E+00
         3         58   4.6095036446273268E+00   2.4162550739009280E+01   1.2341526728488379E+01   3.4444843166907346E+00
         3         59   2.4535705931193175E-04   4.2408132216775918E-02   6.6554061611803260E-03   8.1424711142976339E-03
         3         60   6.7099260199385963E-13   4.0402427423134419E-03   7.3358284472534033E-04   5.2618288987504153E-04
         3         61   5.1575791253225793E-15   3.5451329487769988E-04   3.0436768836949002E-05   7.1857687729329838E-05
         3         62   8.6992930402727039E-19   5.2405711183784793E-05   4.8953784648650328E-06   6.2185423233150778E-06
         3         63   3.3038860736744018E-22   1.6318761770537504E-05   1.3180278477463786E-06   1.8958152141344142E-06
         3         64   1.5294515694635530E-07   2.1887286483307220E-05   5.5554633774916535E-06   3.1352517575086671E-06
         4          1   6.3575430250950360E-01   8.1981944842781491E+00   3.8809232132047460E+00   1.0763634746509503E+00
         4          2   2.3199942912611271E+00   5.6377899838323904E+00   4.3597679578329407E+00   7.1569313008817426E-01
         4          3   2.2066281702238436E-29   6.9402623232287011E-14   2.0471464909512227E-15   9.8630102134052925E-15
         4          4   3.8061007712951405E+00   9.0245001619836014E+00   6.1832903813131699E+00   1.4043301317448407E+00
         4          5   7.0089075911843208E+00   2.6017130486648234E+01   1.6930694256052021E+01   2.9864895475866007E+00
         4          6   1.0134120811416423E+01   5.1883461964028541E+01   2.9614924608130718E+01   6.1016229592388829E+00
         4          7   7.2684190714283661E+00   5.6588552933131830E+01   2.8526015084008193E+01   6.9364287291093163E+00
         4          8   3.3493105109877259E+00   3.7183862647091402E+01   1.9164140136971341E+01   4.8379291796964869E+00
         4          9   1.8762460172283677E+00   2.4557043944306372E+01   1.1565954500920196E+01   4.2401059112410824E+00
         4         10   1.3188815275066013E+01   5.3325641373239094E+01   3.7920995796580328E+01   4.4888386218732643E+00
         4         11   2.5406405123787987E+01   9.3935286910836197E+01   6.5602860212040952E+01   8.1390149765160569E+00
         4         12   7.7282067166913537E-01   1.2952573655761181E+00   1.0256779677083883E+00   6.2389626814215969E-02
         4         13   1.3017468504167204E+00   1.6047523747246469E+01   6.9099250289057652E+00   3.5123155047063563E+00
         4         14   5.4028075415368439E+00   1.0145324041927122E+01   6.6965991343351172E+00   1.1845770675398559E+00
         4         15   1.0500093766158231E-04   2.2762220096223337E-01   5.6006911286011769E-02   5.1751294168530443E-02
         4         16   2.3053383261278637E-11   1.8749772317436971E-04   1.8860502919797616E-05   2.9509785761722427E-05
         4         17   4.4040606417343260E-02   1.9181943528383446E+01   6.2373409513708369E+00   5.2217581416782295E+00
         4         18   5.3864440886485125E+00   6.8122591846063614E+01   3.0546974440392770E+01   1.2835768922774442E+01
         4         19   5.9352889721848073E-05   1.2073470376913917E+00   1.8787653517248121E-01   2.5127006403057750E-01
         4         20   2.1923347176204286E+00   1.7002310820866743E+01   8.2804394220253297E+00   2.5344078376142734E+00
         4         21   1.9738320776440789E-08   2.3728427469964145E-01   1.4151949357791266E-02   2.2988701744400541E-02
         4         22   5.4443478035073386E-05   5.7416552302114732E-01   1.4356154067717614E-01   1.8487001219311686E-01
         4         23   1.4842756654712987E-06   1.9969410640095525E-01   3.1739367224458068E-02   4.4653621703411438E-02
         4         24   9.9506410379644855E-10   4.8265186055092432E-02   2.6025515126044570E-03   4.5399854779920867E-03
         4         25   6.9582952380405449E-01   3.7784804196476314E+00   1.6644987916255047E+00   6.3898785221671817E-01
         4         26   4.0254950951984805E-05   9.8506944213031777E-01   3.1840601549384701E-01   2.8600258803728817E-01
         4         27   4.3154741283510539E-01   2.7469700888293231E+00   1.3210778565941503E+00   4.7535754000576586E-01
         4         28   4.5737130105525672E-02   3.8643089095290489E-01   1.6991276536926059E-01   6.9368203185797506E-02
         4         29   8.4429455599269577E-13   1.2353687570449672E-03   8.6815546244066257E-05   1.6839494488087123E-04
         4         30   7.2812124781831832E-10   3.9795976096778200E-02   4.4561320638537303E-03   7.5720489202908579E-03
         4         31   3.1039994952521863E-11   2.3038335917828986E-03   4.1058597296986964E-04   5.3528563001142436E-04
         4         32   3.5495103694790974E-20   6.9127097757830414E-07   5.3892515627859849E-08   1.0092666169421313E-07
         4         33   2.0725096653862614E-23   4.4411940561214912E-07   2.3569956961344932E-08   7.9454756388964856E-08
         4         34   5.7842336190953866E-09   3.2662799481115801E-06   4.6279879596748501E-07   4.6748755419407016E-07
         4         35   8.2554184457372317E-14   7.9555957928610678E-09   4.1530394674476808E-10   1.3165873571116488E-09
         4         36   5.5360960707810377E-14   1.7091749703131460E-09   1.0491523473399190E-10   1.7562325001258841E-10
         4         37   9.9245880684579441E-22   1.5495583504407555E-14   7.0758076853368104E-16   2.3812760288958884E-15
         4         38   3.8673541590381059E-68   5.2017482188446151E-22   1.6261289664595561E-23   7.8155305342907006E-23
         4         39   1.0817742839250475E-82   6.6786905803441072E-29   1.8891234301563941E-30   9.1464024303906927E-30
         4         40   1.1200225638558895E-33   9.4092895614993869E-22   2.6620656176176875E-23   1.2202449975490071E-22
         4         41   1.9286735710060543E+02   1.7746805786735874E+03   8.7998161542026253E+02   2.2369752508546350E+02
         4         42   5.3069175031589714E+02   4.9511652554723814E+03   2.5637669255924925E+03   5.2374024926598008E+02
         4         43   3.2432328858594431E+01   3.5960111549280219E+02   1.6160987705252148E+02   5.0948956891724492E+01
         4         44   1.1412809140757728E+01   1.7509584999385396E+02   6.5834499901837376E+01   2.3399537799952896E+01
         4         45   2.1074933376357228E+00   9.3877934525832558E+01   2.8940486250193551E+01   1.2459765264833896E+01
         4         46   1.4621393002326406E+02   1.1465906525819239E+03   6.3272968666324266E+02   1.2116325791401781E+02
         4         47   8.0919671366761037E+01   7.8873832614433832E+02   3.8466964341375137E+02   1.1211244369658218E+02
         4         48   1.0476957279486436E+02   9.1667991496773277E+02   4.9734530728796858E+02   9.0871004654303732E+01
         4         49   6.9822578795622714E-01   4.8888690166068073E+01   1.2049589933738764E+01   6.2180479366614971E+00
         4         50   6.9582484727221740E+01   5.6043828964705153E+02   3.0697383694182724E+02   5.8731682414443625E+01
         4         51   7.5781149691370317E+01   7.2948774959216428E+02   4.0146655323093393E+02   7.5973980668599850E+01
         4         52   1.3971009478626524E+00   5.0283485557374597E+01   1.3687656780911063E+01   6.8802712307482023E+00
         4         53   6.4628900786712351E-02   1.2282854875984309E+01   2.0575857281520444E+00   1.5641829505957929E+00
         4         54   1.6289390969633846E+01   1.4624377867242271E+02   7.9862415822814057E+01   1.4255875813119015E+01
         4         55   1.3954971684970786E+01   2.2490424090492070E+02   1.1056726600788404E+02   3.4851777389200741E+01
         4         56   4.3631692006681499E-01   1.5967898093254787E+01   4.4074453124352999E+00   3.4602136759990292E+00
         4         57   8.5198818088032038E+00   9.1452068713280994E+01   5.2196172813168658E+01   1.0277960702891431E+01
         4         58   8.0686644908201568E-03   2.2367310111427581E+00   3.5203111531411307E-01   3.8398688155302041E-01
         4         59   4.5972176726746079E-04   9.4863015837937659E-01   9.2408279153096948E-02   1.1539192435444613E-01
         4         60   2.1949759716394492E+00   1.8783235288436455E+01   1.0283896044590898E+01   2.3040105791500962E+00
         4         61   1.3885517124013440E+00   9.5114714365154409E+00   4.8980059676169221E+00   1.4061164011646736E+00
         4         62   1.2919260434645944E-02   1.3103245569067848E-01   4.1676984737660017E-02   2.2148604501511640E-02
         4         63   7.9302722517276520E-14   6.6260397766846092E-05   9.9154752609515913E-06   1.4499689078544463E-05
         4         64   2.1718239542324751E-04   5.3059188224171229E-03   1.8949192276281389E-03   1.0776209544633541E-03
         5          1   1.3366735049858296E+00   8.8443378426502015E+00   4.9307673746216150E+00   1.5022269563212680E+00
         5          2   4.2891805292880703E+00   4.6300523607975856E+00   4.4463861296188751E+00   8.0253873089323094E-02
         5          3   1.0197874484215604E-48   1.0174448787936134E-39   1.0038470254402935E-40   2.2004952530574278E-40
         5          4   2.1674476275955002E-85   1.0779291086282880E-70   7.0181241041717916E-72   2.0770048219809246E-71
         5          5   8.5381559120960855E+00   2.6070198421315201E+01   1.8702790710741890E+01   2.6556355876426734E+00
         5          6   1.1935734355979356E+01   4.8759598458026339E+01   3.4203701596944846E+01   5.3356914959700070E+00
         5          7   1.3807501046590648E+01   6.3698361729701716E+01   3.6218472682391962E+01   8.4014258612593462E+00
         5          8   6.8968263336286135E+00   3.8170696825533931E+01   2.1970318822174139E+01   6.0326251288919739E+00
         5          9   3.7705886910174562E-02   2.3487145633205014E-01   1.5024655391720462E-01   4.7750194345521552E-02
         5         10   1.9094392446389303E+01   5.9712642560029217E+01   4.2553290061704182E+01   6.5069576353934639E+00
         5         11   2.8000812357803255E+00   4.0891943670654287E+00   3.4880488666994847E+00   3.0094266517457258E-01
         5         12   3.5939732088626933E+01   9.9153159797155809E+01   7.2903400732008464E+01   1.0218915978114930E+01
         5         13   2.3772628560994715E+01   1.0189557545419724E+02   7.0033316296632023E+01   1.2144112165641882E+01
         5         14   6.5876501451708123E+00   2.9574341282753661E+01   1.8099633619220370E+01   4.5261108807634374E+00
         5         15   3.9974143209316098E+00   5.4499393582468079E+00   4.5287872848817168E+00   2.7722152966290420E-01
         5         16   4.0338229565912527E-10   1.2220269558941863E-07   3.9173731855260841E-08   3.2806093690459975E-08
         5         17   7.9071403595090073E-01   5.7721780724597860E+00   2.8270616031432527E+00   1.1813915639557162E+00
         5         18   1.3806999313271209E-03   1.2930083834055850E-01   2.7615871994935239E-02   1.7725324312547260E-02
         5         19   9.3000766748154504E+00   2.6078504537698056E+01   1.8492526653640983E+01   4.5481716827484631E+00
         5         20   4.4860501163632281E-06   5.1950204363386085E-02   1.8182658481489618E-03   4.2250077770045313E-03
         5         21   2.4771090260529298E-09   4.1256225647843404E-02   2.5899584663319376E-04   1.6435670264530388E-03
         5         22   4.0203172127137963E+00   9.5159909870318842E+00   6.9962009152914399E+00   1.2458765294872123E+00
         5         23   1.1234961312665489E-06   1.2675270880096888E-02   3.8060979126841598E-04   1.1200884000629901E-03
         5         24   1.2885162848551768E-01   8.4108868932491943E-01   4.4848849063263885E-01   1.8672436448878857E-01
         5         25   2.2597727896233331E-11   2.2173005304297437E-03   1.3376616872349287E-05   9.0719508986135625E-05
         5         26   1.1900369466713616E-05   1.7948006878341113E-03   2.8155040482845243E-04   2.1804856067443519E-04
         5         27   1.2599992346894311E-08   4.5527513662789199E-04   1.2800844539748340E-05   5.1965333474647562E-05
         5         28   3.2959733722258272E-01   1.4117073055483353E+00   8.2179833914631850E-01   2.6304034446416269E-01
         5         29   3.6077015803048900E-14   1.0452303768626536E-05   7.1518059631797992E-08   4.4490497878227667E-07
         5         30   2.0483683544570940E-08   3.5145725745257483E-06   1.1135296045615405E-06   8.2546979004035167E-07
         5         31   1.6889062432291722E-09   8.0070834084238145E-07   2.5737997958076906E-07   2.2000025257931111E-07
         5         32   4.8436443607501072E-19   2.2586575055430886E-14   5.4688843769245388E-15   5.6206791228548535E-15
         5         33   1.0738635251389181E-22   3.2168707440696534E-15   3.0384514970041009E-16   7.4095180392092605E-16
         5         34   5.6310654282837991E-32   3.1715524532963405E-24   3.4241351718303797E-25   5.4365710640476980E-25
         5         35   5.2256901911540175E-40   6.5396034663835584E-28   4.3257676220124892E-29   1.2372726565494912E-28
         5         36   1.0420465297194468E-44   1.8022836479185121E-32   1.0148397377796328E-33   2.9127208523140150E-33
         5         37   4.1435968306276300E-54   1.7299294800719832E-41   8.4535744682342472E-43   2.0348701927536481E-42
         5         38   8.6659253841462243E-36   9.1217079562939071E-24   6.5653941778380239E-25   1.8707826264382462E-24
         5         39   2.7734263659019172E+02   1.9127303897640049E+03   1.0287331588031707E+03   2.8817433003307264E+02
         5         40   1.1888693954210858E+03   4.9940175532799121E+03   3.0130211302663279E+03   7.7143516961315254E+02
         5         41   3.3595686059965715E+01   3.6144837590992432E+02   1.7504607502135266E+02   5.4642693275108243E+01
         5         42   5.8037956895948559E+00   1.4741351351125309E+02   7.0388864951132433E+01   2.4354154283437076E+01
         5         43   5.1175955562510302E+02   1.7752638661031745E+03   1.1571089324379345E+03   2.7482000552038608E+02
         5         44   3.1592823675922972E+02   1.0349233729645584E+03   6.8328209742047932E+02   1.5282259761449200E+02
         5         45   4.4975392250916385E-01   4.7064640432794427E+01   2.1305252514982886E+01   8.8882121994284748E+00
         5         46   8.1968122542381607E+01   2.6504732860046971E+02   1.7145306786524060E+02   3.7083216970042599E+01
         5         47   2.4392960579934467E+01   1.5437918644171722E+02   7.3649294786807886E+01   2.3180260098462291E+01
         5         48   1.6376952270257681E+00   2.0163626692646339E+01   9.8969945852973389E+00   3.2026478609005382E+00
         5         49   2.1156081899331203E-01   8.0719785287401216E+00   3.6910703061180445E+00   1.4135954564661570E+00
         5         50   9.7997603822907314E-03   6.1162424577472727E+00   1.5771279708046038E+00   8.2171642261456579E-01
         5         51   2.7769932210117933E+01   1.1757034691841038E+02   6.8123989141265128E+01   1.6655374301077011E+01
         5         52   1.1667392984532980E+00   8.3936329985646054E+00   4.3743009836611737E+00   1.6244564752850716E+00
         5         53   4.1554104004998316E-02   5.1899123288684390E-01   2.3274592138419334E-01   7.6807198080608208E-02
         5         54   2.5152633307423317E-03   3.1265420142521727E-01   6.9131717950254842E-02   3.1163867319426657E-02
         5         55   4.6262683306080546E-05   2.7485132383729216E-01   2.6256802398995447E-02   1.9865690962802451E-02
         5         56   4.9300948359727421E+00   1.1599880881062639E+01   8.8482318998387175E+00   1.4257787258534405E+00
         5         57   1.3278942483328088E-04   2.2525644904839739E-02   2.8002799741002130E-03   1.8505436297440807E-03
         5         58   5.1157375275609906E-07   2.0474881817049938E-02   9.1329460624700565E-04   1.1062047797006989E-03
         5         59   1.3260019546751387E+00   3.2343819073365476E+00   2.3009014838435786E+00   4.2592154873206528E-01
         5         60   4.8753428517575172E-09   8.4377543198983036E-04   9.8478698827192563E-06   3.3637424292124076E-05
         5         61   7.7826374419011932E-05   1.8965925839769609E-03   7.7352100754536071E-04   4.0020529010530598E-04
         5         62   1.0310762032301208E-08   2.4183991690218021E-06   8.3242162993172710E-07   5.9137542309620850E-07
         5         63   2.8896184251116345E-12   1.7539505246945891E-09   5.1559828480718717E-10   4.5537569882490630E-10
         5         64   4.3082937415774385E-24   2.3302800042500632E-13   2.8364305921473217E-15   1.6603708477756563E-14
